Object File Name: normalized_person.raw
Resolution: 600 450 1
Slice Thickness: 1 1 1
Format: FLOAT
Endian: LITTLE-ENDIAN
Intensity Extremums: 0 255
Gradient Extremums: 3.40282e+038 -3.40282e+038
Curvature Extremums: 3.40282e+038 -3.40282e+038
Histogram Extremums: 3.16992 11.2342
Histogram: 256 0.415862 0.524653 0.607807 0.648656 0.705338 0.733136 0.771598 0.799403 0.817796 0.84502 0.868179 0.871713 0.904051 0.909798 0.922607 0.93921 0.952669 0.951991 0.962276 0.975867 0.971305 0.977979 0.991171 0.981555 0.999479 0.987943 0.985786 0.998583 0.997457 1 0.981225 0.999032 0.995107 0.989761 0.993342 0.986508 0.993188 0.994877 0.981884 0.997155 0.984899 0.983439 0.984251 0.981884 0.988894 0.975612 0.974245 0.973127 0.978734 0.980564 0.981308 0.981884 0.964734 0.973816 0.96319 0.962367 0.952572 0.956687 0.95043 0.941388 0.947665 0.943437 0.941491 0.939419 0.940768 0.941181 0.939627 0.927128 0.926793 0.930226 0.921574 0.924656 0.910901 0.910289 0.910534 0.914889 0.912119 0.907571 0.902649 0.908812 0.902649 0.895734 0.898506 0.896398 0.896531 0.899551 0.894801 0.898506 0.895601 0.894533 0.892649 0.892378 0.895202 0.890196 0.904811 0.885751 0.903032 0.890881 0.890607 0.903415 0.892378 0.894533 0.903287 0.898768 0.904304 0.909429 0.89942 0.904178 0.904811 0.905568 0.91453 0.906947 0.920882 0.919606 0.916199 0.912483 0.923748 0.920767 0.901622 0.903797 0.910167 0.91381 0.912362 0.90844 0.906823 0.915008 0.896 0.89706 0.899551 0.885892 0.891971 0.879453 0.887013 0.888126 0.882916 0.873529 0.875774 0.86709 0.857963 0.847127 0.854144 0.846077 0.843246 0.835965 0.842352 0.830877 0.822063 0.824456 0.81923 0.806332 0.811944 0.796879 0.791244 0.778901 0.776586 0.765643 0.760336 0.759483 0.753104 0.750127 0.750427 0.742461 0.735757 0.722249 0.7034 0.710282 0.718706 0.71103 0.718348 0.700254 0.686232 0.702619 0.70301 0.712888 0.722949 0.715092 0.726752 0.731478 0.735106 0.7393 0.751025 0.765643 0.753104 0.747709 0.762869 0.772924 0.778133 0.77992 0.776586 0.80457 0.81552 0.804791 0.800539 0.800539 0.790287 0.779666 0.771864 0.781439 0.768375 0.763428 0.738341 0.72084 0.710656 0.687088 0.64164 0.61877 0.609133 0.591089 0.558325 0.529869 0.489691 0.509183 0.472125 0.444548 0.401705 0.379313 0.381683 0.356444 0.381683 0.3172 0.330217 0.283907 0.310319 0.295706 0.295706 0.330217 0.320544 0.279794 0.275584 0.320544 0.353713 0.3172 0.320544 0.320544 0.345259 0.381683 0.38633 0.38633 0.40791 0.384021 0.399588 0.397445 0.364396 0.388609 0.399588 0.403797 0.437796 0.449449 0.489691 0.532927 0.555675 0.621255 0.638306 0.586653 0.313792 0
Mapping: 64 0.0156863 0.0313726 0.0470588 0.0627451 0.0784314 0.0941177 0.109804 0.12549 0.141176 0.156863 0.172549 0.188235 0.203922 0.219608 0.235294 0.254902 0.270588 0.286275 0.301961 0.317647 0.333333 0.34902 0.364706 0.380392 0.396078 0.411765 0.427451 0.443137 0.458824 0.47451 0.490196 0.509804 0.52549 0.541176 0.556863 0.572549 0.588235 0.603922 0.619608 0.635294 0.65098 0.666667 0.682353 0.698039 0.713726 0.729412 0.745098 0.764706 0.780392 0.796079 0.811765 0.827451 0.843137 0.858824 0.87451 0.890196 0.905882 0.921569 0.937255 0.952941 0.968628 0.984314
