Object File Name: normalized_sponge.raw
Resolution: 640 480 1
Slice Thickness: 1 1 1
Format: FLOAT
Endian: LITTLE-ENDIAN
Intensity Extremums: 16 227
Gradient Extremums: 3.40282e+038 -3.40282e+038
Curvature Extremums: 3.40282e+038 -3.40282e+038
Histogram Extremums: 0 12.2886
Histogram: 256 0.0813764 0.162753 0.244129 0.257957 0.309829 0 0.382505 0.391205 0.382505 0.357431 0.395325 0 0.468312 0.456905 0.452012 0.484531 0.493636 0 0.522946 0.558078 0.598013 0.639454 0 0.670412 0.697075 0.721083 0.744573 0.774674 0 0.78811 0.806431 0.817043 0.832775 0.838855 0 0.852889 0.865275 0.870834 0.869486 0 0.873827 0.880312 0.886643 0.889984 0.898808 0 0.89758 0.897804 0.916516 0.920463 0.92654 0 0.930593 0.936905 0.940738 0.943238 0 0.948993 0.950613 0.952457 0.955272 0.959157 0 0.960905 0.97076 0.970489 0.982468 0.988599 0 0.989321 0.992515 0.988857 0.995479 0 0.99763 0.999105 0.999953 1 0.995259 0 0.996329 0.998227 0.991005 0.987142 0.981153 0 0.976545 0.97094 0.97064 0.972137 0.965118 0 0.963975 0.962434 0.96372 0.953856 0 0.954272 0.950326 0.945013 0.944788 0.941204 0 0.936664 0.930678 0.92588 0.917041 0.920463 0 0.904766 0.900518 0.89364 0.889263 0 0.875398 0.870055 0.870975 0.859439 0.850398 0 0.848793 0.841329 0.843485 0.84295 0.834325 0 0.831402 0.837646 0.826259 0.80582 0 0.785222 0.777985 0.759498 0.741219 0.736665 0 0.729368 0.731467 0.724075 0.715922 0.720831 0 0.718273 0.708292 0.711349 0.70801 0 0.713792 0.705731 0.717234 0.712169 0.722588 0 0.719046 0.742908 0.750025 0.758585 0.772738 0 0.773063 0.780599 0.787251 0.796769 0 0.804834 0.809443 0.822169 0.831106 0.839869 0 0.853381 0.857718 0.866085 0.871537 0.879398 0 0.886889 0.892238 0.895997 0.903118 0.904714 0 0.905451 0.906704 0.90587 0.896791 0 0.893058 0.889744 0.879332 0.875533 0.864979 0 0.846992 0.846473 0.82302 0.803715 0.773225 0 0.74963 0.709413 0.673859 0.627197 0 0.58981 0.534631 0.47466 0.430107 0.410495 0 0.362892 0.301128 0.228452 0.18895 0.162753 0 0.128979 0.128979 0 0.0813764 0 0.0813764 0.0813764 0.0813764 0 0.128979 0 0.0813764 0 0 0.0813764 0 0 0.0813764 0 0 0 0 0 0.0813764 0 0.128979 0 0 0 0 0 0.0813764 0 0 0 0 0 0 0.0813764
Mapping: 64 0.014218 0.028436 0.042654 0.056872 0.0710901 0.0853081 0.0995261 0.113744 0.127962 0.14218 0.156398 0.170616 0.184834 0.199052 0.21327 0.232228 0.246446 0.260664 0.274882 0.2891 0.303318 0.317536 0.331754 0.345972 0.36019 0.374408 0.388626 0.402844 0.417062 0.43128 0.445498 0.464455 0.478673 0.492891 0.507109 0.521327 0.535545 0.549763 0.563981 0.578199 0.592417 0.606635 0.620853 0.635071 0.649289 0.663507 0.677725 0.696683 0.7109 0.725119 0.739336 0.753555 0.767773 0.781991 0.796209 0.810427 0.824645 0.838863 0.853081 0.872038 0.890995 0.938389
