Object File Name: normalized_flower.raw
Resolution: 600 450 1
Slice Thickness: 1 1 1
Format: FLOAT
Endian: LITTLE-ENDIAN
Intensity Extremums: 0 240
Gradient Extremums: 3.40282e+038 -3.40282e+038
Curvature Extremums: 3.40282e+038 -3.40282e+038
Histogram Extremums: 0 11.5118
Histogram: 256 0.330736 0.593558 0.637596 0.68633 0.727143 0.757582 0.783994 0.811332 0.828982 0.843855 0.841444 0.848108 0.842203 0.849114 0.856745 0.86124 0 0.871461 0.878218 0.888136 0.888763 0.894569 0.905433 0.908676 0.920062 0.922952 0.926165 0.930274 0.94287 0.941646 0.945284 0.957368 0 0.955116 0.961578 0.966046 0.976099 0.976669 0.98233 0.982823 0.984388 0.983461 0.986748 0.984922 0.993436 0.992574 0.990924 0 0.992026 0.995988 0.995722 0.998184 1 0.997573 0.995633 0.996915 0.991384 0.996386 0.998662 0.994517 0.996076 0.990461 0.993752 0.993346 0 0.994562 0.988454 0.992665 0.994875 0.994113 0.994337 0.992483 0.99271 0.989765 0.988642 0.981238 0.97374 0.967111 0.959461 0 0.958389 0.954993 0.953696 0.951566 0.94096 0.93512 0.93895 0.932132 0.937121 0.930946 0.91702 0.920467 0.914668 0.911404 0.912444 0 0.903315 0.904424 0.896545 0.891853 0.894569 0.887611 0.882784 0.878558 0.872415 0.879908 0.870861 0.871939 0.867076 0.860197 0.859013 0 0.851382 0.855935 0.836322 0.838521 0.831477 0.831806 0.829149 0.822075 0.823662 0.817188 0.815889 0.82797 0.826093 0.820826 0.819202 0.824883 0 0.819927 0.824013 0.840528 0.843106 0.842051 0.842956 0.852779 0.852222 0.855392 0.858616 0.84724 0.851242 0.851943 0.847964 0.841292 0 0.847675 0.851522 0.844004 0.85264 0.850536 0.852918 0.852501 0.850819 0.853195 0.843855 0.852779 0.849542 0.848827 0.837897 0 0.838832 0.836164 0.839451 0.839142 0.835527 0.836322 0.835208 0.84114 0.843406 0.842203 0.842203 0.837426 0.831477 0.834728 0.843256 0 0.825057 0.826093 0.825403 0.840835 0.833599 0.825748 0.82797 0.826436 0.831806 0.828139 0.820107 0.816633 0.825748 0.822252 0.806401 0 0.808792 0.802934 0.813441 0.814953 0.809186 0.811911 0.822252 0.810944 0.814953 0.805796 0.802104 0.808397 0.796353 0.802519 0.811911 0 0.789407 0.786376 0.781565 0.78327 0.778587 0.77346 0.749296 0.759058 0.751497 0.743118 0.735562 0.740423 0.73697 0.746407 0.720535 0 0.718117 0.692968 0.700214 0.674805 0.666486 0.637596 0.628784 0.604095 0.602057 0.537696 0.499914 0.471367 0.471367 0.462304 0.387381 0 0.403401 0.387381 0.403401 0.381551 0.355069 0.375436 0.422002 0.355069 0.375436 0.321449 0.403401 0.288568 0.22455 0.339383 0.260603 0.0868677
Mapping: 64 0.0125 0.0291667 0.0458333 0.0625 0.0791667 0.0916667 0.108333 0.125 0.141667 0.158333 0.175 0.1875 0.204167 0.220833 0.2375 0.254167 0.270833 0.283333 0.3 0.316667 0.333333 0.35 0.3625 0.379167 0.395833 0.4125 0.429167 0.445833 0.458333 0.475 0.491667 0.508333 0.525 0.541667 0.554167 0.570833 0.5875 0.604167 0.620833 0.6375 0.65 0.666667 0.683333 0.7 0.716667 0.729167 0.745833 0.7625 0.779167 0.795833 0.8125 0.825 0.841667 0.858333 0.875 0.891667 0.908333 0.920833 0.9375 0.954167 0.970833 0.9875
